139, 12 
145, 19 
144, 35 
159, 26 
156, 39 
166, 51 
158, 55 
148, 49 
162, 70 
175, 90 
174, 67 
184, 90 
186, 99 
196, 106 
306, 266 
290, 273 
325, 238 
321, 251 
313, 254 
291, 278 
287, 283 
269, 287 
272, 292 
281, 287 
297, 273 
302, 263 
301, 270 
260, 299 
256, 304 
251, 309 
234, 312 
228, 315 
221, 322 
216, 326 
213, 327 
215, 321 
198, 336 
197, 346 
203, 334 
199, 347 
193, 356 
190, 363 
190, 373 
194, 379 
190, 385 
194, 391 
194, 401 
201, 403 
204, 412 
211, 414
138,8
142,23
151,38
163,61
174,81
188,100
202,117
218,134
242,145
270,149
287,158
309,167
321,180
325,201
326,216
322,235
315,247
308,259
297,268
285,285
271,291
250,303
240,309
223,318
214,325
202,338
195,351
189,377
193,386
196,400
201,409
214,420
226,431
244,440
261,450
274,462
285,476
300,488
317,501
339,512
351,524
357,541
356,564
351,582
343,588
332,597
325,600
318,610
311,616
301,626
293,636
279,648
277,655
273,659
130, 13
147, 10
142, 22
137, 36
153, 31
149, 44
147, 60
160, 53
157, 69
166, 66
164, 77
175, 83
180, 97
189, 104
183, 111
191, 114
200, 123
208, 130
217, 133
227, 135
240, 141
249, 148
258, 149
271, 153
282, 157
292, 163
305, 168
315, 176
320, 184
329, 196
328, 206
328, 216
325, 227
324, 239
320, 246
312, 253
308, 261
302, 266
294, 275
284, 280
277, 287
265, 292
253, 300
242, 305
235, 309
225, 313
216, 319
209, 326
202, 332
197, 342
123, 11
137, 7
152, 13
135, 27
134, 42
155, 32
151, 44
143, 55
164, 47
155, 66
166, 58
156, 78
159, 94
171, 76
177, 85
186, 100
204, 119
221, 133
234, 137
258, 147
275, 155
295, 162
317, 172
327, 196
328, 215
322, 243
310, 261
291, 276
274, 286
255, 296
234, 309
222, 323
207, 330
196, 348
189, 362
191, 388
198, 401
211, 419
230, 430
258, 446
280, 471
291, 482
317, 500
323, 509
340, 517
354, 527
360, 544
358, 568
346, 588
312, 615
297, 636
285, 651
482, 584
466, 585
447, 587
420, 597
494, 581
409, 627
416, 651
300, 493
72,434
139,13
157,90
192,370
198,341
198,401
236,436
241,143
248,306
268,296
286,286
289,472
303,495
312,256
312,616
327,193
327,510
337,596
345,515
358,575
361,323
362,549
363,334
403,312
404,312
634,172
67,453
568,273
598,582
611,590
556,533
559,507
557,488
556,480
552,457
543,503
112,8
125,3
143,4
159,7
124,21
145,15
162,23
144,31
131,41
140,57
149,44
166,36
171,51
164,60
155,75
158,88
172,80
178,69
178,89
188,97
183,100
195,106
193,112
204,116
197,118
205,127
213,136
218,131
227,136
229,142
239,145
243,142
259,147
260,152
272,157
275,153
284,157
289,164
298,161
310,165
303,169
309,175
318,176
319,171
317,185
326,182
333,178
336,186
337,193
331,192
324,192
322,196
326,202
334,196
337,204
339,210
336,217
332,210
330,216
330,223
338,223
332,228
326,230
324,225
322,235
327,236
327,242
322,242
316,247
321,250
317,255
312,254
309,261
314,261
306,267
301,267
304,271
300,275
297,271
291,277
293,279
285,284
288,281
288,287
284,288
278,286
277,289
281,291
276,294
270,291
261,295
272,297
268,303
260,307
257,301
250,303
250,310
244,312
233,308
237,312
235,319
229,320
228,313
223,317
210,321
219,326
212,332
205,327
209,326
199,333
205,336
202,342
195,342
195,337
189,347
198,350
196,357
189,354
184,360
185,371
191,368
193,377
186,378
186,385
194,389
198,396
193,396
186,391
193,400
196,405
200,403
206,408
202,414
199,410
209,420
215,420
223,425
218,426
226,430
236,431
232,434
239,439
247,440
248,445
254,445
261,449
258,453
269,456
266,462
272,470
285,466
296,474
285,479
278,479
281,487
295,486
310,484
313,492
302,495
292,497
300,502
312,504
322,503
331,504
343,511
334,512
324,512
316,512
309,510
322,516
334,517
347,517
355,521
359,528
353,526
345,523
355,534
360,539
363,545
360,545
363,553
361,558
362,564
358,572
360,577
361,567
356,579
356,584
349,585
351,589
346,592
341,592
342,597
338,598
332,597
331,603
325,605
320,607
318,612
310,617
243, 308
255, 301
270, 296
284, 284
295, 277
230, 315
214, 326
203, 336
141, 23
149, 36
165, 57
172, 75
184, 93
204, 113
209, 127
219, 134
231, 141
146, 54
275, 155
298, 166
317, 178
299, 492
308, 501
254, 305
279, 287
191, 353
217, 319
270, 456
278, 469
320, 503
338, 511
325, 182
328, 200
329, 218
303, 165
309, 171
320, 240
288, 477
246, 442
221, 424
192, 397
190, 369
354, 524
204, 213
168, 194
172, 191
162, 191
164, 197
201, 218
210, 215
154, 148
171, 267
159, 235
178, 245
166, 241
69, 431
70, 452
44, 468
35, 460
46, 449
54, 430
47, 445
49, 474
74, 435
67, 436
63, 453
53, 454
51, 442
86, 370
175, 268
211, 265
199, 268
140,13
177,90
232,141
319,174
333,228
295,274
240,310
204,339
192,392
220,428
276,471
328,506
353,538
354,579
321,611
269,664
136,7
183,93
233,143
291,160
340,221
282,290
201,346
201,400
237,444
291,480
331,514
357,560
284,661
268,655
362,540
257,447
185,351
239,303
299,264
333,196
286,149
192,118
141,40
119,6
101,5
113,56
14,90
6,4
100,5
682,4
614,49
525,78
521,145
538,241
585,270
608,303
635,328
568,348
583,386
595,435
641,447
639,511
635,578
634,650
713,648
722,11
693,4
390,18
368,20
363,3
379,3
387,13
567,4
556,64
590,49
585,6
163,2
187,80
219,130
286,149
339,177
342,220
320,261
252,313
202,344
196,377
203,400
252,439
284,458
340,502
366,536
362,579
326,612
279,667
261,667
314,602
350,575
354,547
335,523
289,500
236,443
187,405
183,345
210,317
284,273
318,223
306,178
237,150
186,114
121,43
106,1
135, 14
158, 47
323, 181
332, 208
263, 296
285, 475
304, 489
335, 508
283, 284
307, 261
326, 215
338, 215
194, 344
188, 362
191, 385
216, 422
266, 456
309, 503
346, 516
359, 541
209, 326
299, 161
205, 125
332, 193
330, 224
319, 250
133, 30
156, 65
152, 9
174, 58
283, 652
303, 627
318, 607
339, 595
353, 584
287, 487
240, 437
228, 136
314, 168
334, 177
162, 75
138, 43
191, 98
147, 24
119, 5
303, 167
274, 291
251, 440
275, 464
361, 551
267,296
286,283
330,216
307,166
164,66
279,469
293,485
309,495
325,509
207,326
186,361
190,388
262,453
250,441
230,431
211,418
196,400
284,157
237,140
216,132
149,32
206,216
167,192
127,13
149,7
298,635
311,616
326,602
343,590
360,535
339,515
142,12
151,38
173,67
192,99
218,133
251,147
299,163
328,187
333,215
321,248
207,217
262,297
206,334
189,364
204,416
231,430
267,454
295,482
320,503
350,519